865974986263710
531935828822856
604143568607873
837994514818615
794318978550109
883372421898186
243248996263572
387737156436243
275490329425397
51947460568797
804651916216580
452787105233750
209488436909977
301035415791566
982291207643982
737339860952040
467753405289479
206480060595351
867262886013229
239330130614434
722332740399735
437678502704222
241974160882831
527661694178064
819849455711660
341533281601038
464616558614091
460650956969769
265530287976405
188002803060837
768716653554587
468783167119685
23508732823373
387271896184918
755149411935802
392274659831024
328587640587776
56572371460376
341671137939393
994134906004186
548799250757609
894207709313392
568034667605174
201529239954519
185562206956049
821078154695089
651846611494653
562296537360880
169258385950644
927012432115079
737010243871574
234247478786718
406081067820705
135930814686812
871948005091989
697714841252639
328415540027398
658486182618883
671592433936868
361070849174445
236277440045008
953700572512248
507798442368076
789332516480064
365091329587970
22052622170309
206102155895687
247539955779078
641421112636859
41208689972304
859665895628421
974118441411830
832650738964142
415920886053579
581502003890241
538438558235184
282532645604441
600185919916577
491891862158359
836414581356779
444725493012912
908738111876745
425695103547217
318758557350917
380458256130992
415210272637123
285191193388494
950164235127387
733974931200415
500154057176727
689521399998423
245771884148063
601508699637478
636189375583061
339731782382552
18896774144089
430660302292152
984329483827448
803416308101331
162705433608446
550259702827487
949247564999636
144506279112582
273882899351041
246202607380818
220198561613023
348579252486501
594207351964407
80342300257079
125919203883754
853335226679174
845619394047266
298656755303069
418584173510493
179251913584518
857432398762481
180380837688099
83534111068730
722672584698533
437337901839550
532959269039088
993373401373715
906908536695229
174643651077941
479905454724651
96725875040494
690986120828704
693679081886934
849632382584673
431125881649839
207176614020357
2240074813023
128085305414858
163833441463178
217505016347870
801106440413875
863747749571542
6328776408894
656308284438843
684887599879848
669739595147225
559065161327884
90248292020916
414024523916036
813048904315435
447899723941411
125517577102827
476965202594081
302087691596199
706354696710437
431942848089236
387142979479519
45477339785736
163203346002743
234298689466575
387198862424508
197881475503234
307045994230387
161934213085308
972785494612789
699295254035866
29771956450512
504013372483302
289134027664113
14249311678641
153201596785916
386561011624340
226168221797751
798134197642674
250984865077622
1329490220352
508158248877990
205887617232151
839913190095079
26545167700545
43198422422835
424470642875439
56053814263838
734981620896018
511693389254661
537176290145761
638267995255914
477757317201013
520524480555431
347323804694458
426627076245927
317057873275310
502699180569875
558979923108849
675249115336533
111021024110011
925894163098541
517691177959274
591771285227540
710796459486536
46139310690566
996743387904372
832821894994210
240976118072862
272754781911625
19033448036533
124770499139229
437457262540382
536871845623293
40968844967037
451522192814767
921117317844851
90379750691075
356282869046457
274312073874189
511022806364897
474004298718632
870353339611042
633257383927477
271941263455709
840278007039535
531290819597791
865526317029586
194249983797189
688059602965935
641022845577811
22167480577636
664261618317032
650959797562458
531150990221668
307263535272220
144157134752056
830677161752265
523185307323416
202544865704575
491833740230193
472622893227169
398005550556941
153034647842770
355355748526377
900499634848417
570689448148869
574599216488162
600106496119932
174386854695018
5376178282282
264194464365337
385015438768615
975518459578890
752947126303647
961106061637965
639478467392321
45920573710006
141853359187744
319713155728115
486800491131891
3313986047388
201514240721583
934308399873690
250928973386512
213157139780660
773009517162837
997482121879735
580696382667856
517115304937348
866771931350626
162286430891835
484328468592752
646338015829594
388214794934866
54056958510054
544819487206037
613943423969421
681030607375088
72049638554548
328628865951994
334313393453029
120221893643023
828667186152120
411020782412802
93895277754750
794459798924720
987070430343242
646851279189947
952687813294701
16408441007539
709060253450960
587611400023214
848057941747281
176700698114602
410096946044954
422126909546110
944895315331753
711034447639365
628658312575326
658974738102871
181268867679755
505501364865493
731609120851970
936837745591783
750742505412857
810130952977969
805529478650100
526401486107122
297855440929346
788389875388563
892027227855646
248460184457484
363681750690410
822187598269103
120201959699157
42284757898674
223180523965898
61548242670126
256631032175729
130915285997178
348502052689513
902291196490314
857355197586700
759275468450901
189833882135069
987601096997810
705116408285132
669417579071658
53753585910731
912470780948807
712463721282758
77384820501826
631504103212078
436709717224332
957083261123105
719538500997239
857668320576692
32365026376527
492438371815470
925036850348522
766411407246241
197792024603447
889457402477228
88502821016403
509581175937152
671897507900935
649693205402518
715708383672718
633930868199436
349688390834272
975671275811364
37845229312110
771296374638192
272098052091931
187289122374794
584003976295264
104232439051023
931114739079642
381486020896323
293550861432258
461448216542451
327127610315233
218640768860268
174821420419662
306092579542474
663221120886977
169734615881265
371861321150380
484107594501474
191781931917
825587390015502
976348790560029
85065560594734
723913322379726
675232199784001
490705210770087
399246303224081
785029156712195
1694810285708
324203196092783
259423504817245
848925711996432
480258010504573
885357510992499
427651745155280
187883633714020
473040296332492
46182339759004
152371535413558
521443140731458
106287974226481
669807034906072
558210019706039
704919975344840
795416873773518
14046652475650
695136619643432
496444967987565
818941862471928
670209998758028
206918956430041
917450170089155
11986117851690
506940406488928
279719318871351
585703031618966
963901392786965
425455421972768
355729193490947
693521657141732
222295698578078
467029248356183
355770168598240
354478129746042
518015951572715
889978503432655
877240756961401
990121959272618
321370046390792
283094223428924
535010162700023
249301425686967
850747221226650
898621490109236
756259933631689
579605862236729
960848750348951
973420338558340
719886526626183
921470593412659
35797678141727
693824528273736
908720760075589
912822013595181
619668476218446
104536020755410
291255947648712
529897856620298
171367139595667
860723481351427
889368517180650
276935753286578
274289800545743
391730530373373
698388057611103
481688181794123
27992877967100
307321892318671
702509006957156
641717363967288
393916123829875
794848062230838
247580978016324
972551450519320
737042650782062
377985210000228
750406958877407
277277790270426
92773482892814
320987328506681
337974287024299
54005485313732
793944153844496
236088264093788
784089549899078
35031695957157
554097728047024
486373488821474
892488488442815
649560412338986
623439377109036
815337791692240
355989192373883
404673743173344
283598830885124
167195599673100
157254383869519
66757285224382
796147172481680
102151733108336
743930598371953
288632456556718
788233823515432
528902287373408
338067337696776
124483938543973
183445485283078
941494778738112
671067390032480
295179512029259
388295468596190
478981334398106
749089256093137
861457788761556
878869096199224
604386141738830
980263130719801
595105802316930
459776056667354
815423199849804
751632338440491
260560200252840
386266565998807
964701811585744
863817737421496
550181241183029
717166442973205
942766690679589
446075142504781
825710140754193
961213594290987
476508342601782
696353668857885
508478680194007
240757218440444
535884438180200
464093884007445
289670301777661
317143023013104
177151175781006
120784703213120
252355871398858
431776710495325
876614154412395
399665346449172
717297217753807
351006834836037
580275029242620
466405369524530
777907587023583
77287659162300
644381237762083
340744970827435
149683070500777
458737481075650
355289276401356
201039988899678
973771542242462
779663827721284
742277211105862
970551861112905
482694885945410
321500705376285
965137797588645
601731895484258
676946173888846
360975963396996
733917407246626
637823325002077
825184839631694
281688356872468
394253656017057
806851809530220
551227217445344
777442233496858
14701136002446
313403811576113
607767040898042
751627464337663
794816154039081
551608237439135
769639453409778
744510196899108
78967295652766
847509860569804
343111540074185
766377015808073
641009445551805
783545915158354
681012811657735
267711710038119
888223884856336
696764765694634
967654404942758
251421733731337
715008287135471
935685794632478
783899388640891
998505845874940
663646776652991
200583961940236
274610895461598
97724755789356
584642566618586
152254505229637
833663030663525
455759811281101
284764479134920
784179706028224
178514096768643
638354182025647
349432621772045
7849940635230
719746192109233
606179377989464
247499141732277
52485314679799
495538508660336
140847881915863
338182380577782
294243421428099
319617364335211
642860488262088
18899561175770
678631836121730
459121844618036
851122405380282
499958412646190
499261177566817
891736540191248
614045375450303
141235905092267
511144697677304
914938832947623
446022351863558
579255012114106
496922807578188
235032880957552
317573144065400
106552946861615
439638987524133
313107182182751
332666461792257
947735087875915
407614410678058
846854244381464
257466035598070
498660594601757
325556841229259
287933593407980
961718952150841
803896487219955
672436399148939
463493246016440
334853476928233
41326405772658
740336138078170
223670838334485
805752409641917
363941153969488
246076600485318
983343153161364
689050754721421
895698027079475
959810550246441
622962846869115
678061372334609
701318424979519
555319437504742
717005063203732
177551007270742
639520070720437
376679678235155
822633445451869
189996784958153
644631067962062
604013971237905
646201596967322
166513810110535
369164074711513
443569270698215
573609004775845
21987602935254
493959577757098
680406649728773
308001378836373
226355364494543
794364759003946
785686039114841
24833644823664
351429196028146
711784737839710
645217434837236
349699152636845
876134726269957
203114510020977
263090089216120
511096377911110
436133629462926
587854890463956
139513134631909
273196404604273
69557722337126
79841771101185
493049460668272
535680755250518
308965522463928
462573557295130
228834961110468
2785791137820
393550765117272
2252383846721
588452055839871
966498560268152
207768368012764
355363830275851
616137255304222
231541986142818
284592420976243
998329189622631
323982209443106
508185541389108
384506480182867
906531314799385
809836153650693
74998423344690
835683894268860
830933658462119
871586160497139
893734272289890
787134598095366
723320106784668
212733802830844
780596770216518
266774823727352
463266410590231
76738639585762
307347217415383
266798128707584
738564125322362
206358814067660
478323672769981
736633874344727
66104483634201
29466165982978
549707913928833
459243673370585
45890311478327
329507854502409
694668456375802
927981658488855
451567893798475
266815895868372
752380075717057
353248806589743
180311926428461
594254818858260
243539825538488
638025401761050
726896212637634
108117629874175
604258979251221
76624139847932
946376210116540
640864673237414
508625696376283
735253236832142
947404563904558
194549754962140
875242068832191
681628127379134
548931332433645
120420797312392
327074298264362
373281005366242
52151225174317
498994331682277
665933401379256
188678849545645
295102475021192
362378390282481
505812631676048
215973382578484
443741580636134
963128095601702
632666403553126
750148137311413
438305009432008
78612771176977
152055427187812
851017219557293
858540902513565
980388702584802
490964715893855
692849602023298
998317614048446
975375339670918
946193052336989
719052933094521
900619378430713
629341689106244
423582918311597
552527855654846
935104950168891
508988604190190
579631839932828
112548031072140
332558035208029
559250225523511
238669445620990
819204360308169
89631760798112
362741434660086
287527143466976
645345105131112
662439031134853
852675025393529
696648912199092
651882998211712
400728573773888
982048398650143
250382044162778
437092371542233
909335235973473
544960872537404
214388920710993
391976731928742
210275590433535
660924872349022
490459655478696
461328032358941
408229701629754
236823593035866
552378325533909
663748138188466
219542263692424
36790276353896
354400840512918
244514353842915
307216157365595
540784116765561
238735171118831
413656145806089
239061723489063
469488657166893
510366098442289
272084761034429
6961504685824
139141301072188
322232662425965
730756702540412
600602986856880
201058185240865
7627001141646
211251974127504
898228005255865
606399915386695
620514781411391
424760736756118
181414115860279
674839681504931
109726007819111
398014529429813
553858226393120
179547056766208
507943464545263
517480487971243
499112087892744
382666105115229
316825596362404
734207467373956
261414019366445
387778287962833
657710866161661
46341734619055
983719400835631
479056864090901
447605385140140
491261079102866
901698917608046
836815520252840
894054337076170
111685599046489
871710567436169
268344111169530
234531690789229
715709009083353
892285728420197
300465189370139
817842776064793
161104680586291
919693149834152
975972149596628
426840869216698
688858157391383
285958864785442
751857308500064
125047831753075
955958775516806
737770484562228
497835944692781
33899051239008
266431705736394
405348501060259
942385322542225
508329213962692
638496585736601
574833770713557
329014982122781
980394405134934
335215848553206
96412303695763
246864547848210
259841025103067
919018500325594
7408186139979
472855419438855
396192139485044
239248361636691
857765863124812
651653084965918
915198868803833
250546533594735
178978173498411
318116186271970
228898781833428
121321537482420
582580256071814
848770987875017
951586852845139
16711210139714
743189862848881
378453898165997
759538718085971
258207219142998
538712236302695
124576229794704
857218284104556
52677339991728
315490617347534
50737021237429
428239036848046
513233386771541
66338819299253
417456554696862
811932343558128
312569908241119
888537269860103
860557303188098
144184092324338
610542925658768
753598864601416
856082717797308
3235245720497
261066767326802
645682682526347
987668556698642
722292158840992
207617768741183
281171732937666
434671342363352
958282180915080
813237688941667
460635742845954
444559404092929
836947258818808
172379417972048
623961796565864
811584452825285
454176610444826
107689711520989
998752314371177
346258995974822
522146481706016
139245679580068
231982330678690
507452378301239
487199165566982
513949972017799
682469492332083
154122800981667
191405972036183
546482073803244
93740032494009
232440953904933
121549492969943
854072198655655
31960603023640
637441621847737
686693307932843
288685768119848
56800250585295
164969631084921
219424589507844
995142709833410
936000600802575
29226353582604
706510990209075
674539169689433
44124511338639
683708786182108
742540347241827
565285916149824
233500114934713
883248643984381
40854666719997
875590153851476
817096618652003
334456473395315
258773215631567
88909857841619
820201121472653
870392682395365
332470296068702
40356241345112
351184776194918
696007696001654
946345814710937
580939478288791
617480028679106
93967943200651
909691092559200
282023666122561
877948994099600
16382217671844
209562278684841
651640216954003
246235168974450
511619763169016