804958713855486
194705912722355
575433810306003
668262715094905
674652445519371
472604204238076
805753906883139
907985761755688
600603165039094
854873974610662
829742371097463
583500469143001
992229670417651
521516170647037
673100836926742
610418481241933
148042975433265
524417737708684
857821141147108
124120068785016
326641440848581
696350002812489
497533490636790
734149222315073
115383002576751
792658322453116
163193921902616
860094858685121
281023742983419
836611063308919
948263088666923
506363705669112
599710248524193
295728625237748
290262039107492
941969260986793
469407227541110
940724543472314
368623548934382
403443761944110
729103539435316
929717735558118
235094533093799
100484033660804
542960762689262
629934694332104
452022683584147
239370039093025
878541054046450
793300691201162
155641163864365
121061243133994
138303808248166
193370971164284
510764737175204
747368437712897
330671685179965
640821806260028
932694419613132
297055466387008
727979373254829
398060729111364
491738320366209
755991151881951
341940551550455
397274103371288
639227368586130
534328438687089
490740919038824
367551410388028
285371548951033
484772873809016
730656456660714
793287575515909
432531756469504
824912148804551
320364539954298
392523594754114
403725006109766
488414402421764
224694908397102
687811552249243
500103268402628
752313937139667
240461202246830
683799489407637
372950599733982
849913643318688
526260212265650
767323160300639
499389288446745
920375975890561
349220573185431
878206623499896
484328708833302
126390157935539
575694551011414
351833535031226
160111578818523
177475542634440
743337333525934
154898206755133
612006906859800
364339377577452
809649195882297
132804026470866
81184692719029
720353100597079
488743241546577
334526781052613
251816016597387
875673464596227
599430854101149
997511490214794
724294280693761
639076802062024
218371018539918
31635809576739
232108668955951
855058920810616
277507630281760
376445457189523
702028380207377
732548151207647
628157177842654
911361794358399
580686609862908
343755956928993
398596664106049
175245371728777
717125497619093
477754757567668
166947054584635
407563297040684
939613163071110
614061847168884
513643476326582
165044615588774
507593275165753
5248311660757
212244443143514
227212560689038
65554710954810
82467279362972
752476965171113
231734333589170
101418659623540
260772988047495
132260743286925
158228205326658
920560647657117
536996867742006
77756036124157
82207180261668
931339259642169
660304263361620
590161973833059
716433476474548
363311521922289
391750502455877
199409768142416
456879572571807
507014990966664
583819286178855
725346942199850
630139134659190
609841283466705
291056911429464
60160762202211
797029143235486
471248372399034
212106439896846
192281895856921
736383527353476
930878731823360
123884766356365
701667942355410
41371806274368
678023206060996
633350401126082
378486988857321
248637612097851
833413785270801
115593563884327
417962358837205
510811224115033
753008487135731
417229618921582
651835813865578
947019421239619
238354631229117
46746232178080
946076671551486
111895143243790
629500633367922
992183640215709
835581779618922
529534308449926
359317098878933
544937752815664
675899453944597
980573271206500
274134042171177
679238787999417
469670045238535
299059047454824
523814539401337
74864694601669
178796747608575
741912737343958
371113868294715
837900552551161
624773710223117
828835511221357
693883771773949
862507534492541
735788945300441
341583073537377
577775544722903
867304454832221
939238056091605
878951251374455
678406066157412
287207944772788
456919338831540
965807140868931
495415518364953
431092155548315
933158914153983
767718461444630
416502308985087
151600054464731
632398419174392
459378061245049
525204908146215
156533180910176
853459972584246
720763336004899
504044733265758
347662813927370
480628965359914
378624726329313
598135885718954
967347037616719
554646999857778
321035423522227
175566667078642
78132572821709
7852041671466
14147303910091
181076680680647
103358382714671
458688911796341
703555008125499
662831995652624
433025987253857
343576650369018
403651990041010
605277058946889
648759482868135
261843720293529
75318278834591
505373379625565
902274187155175
309552297133159
349921415161482
20244021927392
681078418145157
75259472209153
733779160824566
741798673713458
707855176494596
532702087091296
279857327214630
65096373554989
603367163906234
280163680778467
852544051444565
20532452689395
65735274040667
961999159334371
723949776250540
868272392774991
583311405184972
313362977424451
528700217268633
39524802238803
491775261176933
262168050325530
370416980965177
645416712518828
653857976572198
811431873458732
317955954121828
667673669201449
804636237599546
705114482801483
892247310608200
876169034275942
447759024346458
661434448902593
181483555901
800246515978100
514863247172139
748692657206132
402620048649164
655775187817679
159825932280598
881531780925701
684510025382458
633869282470611
564848807487333
413630502220678
895195950171787
462966986010287
964408998141784
970054725694620
482921143054555
896767245580137
511755706808606
18714549841402
335538257488967
584090082596974
390179659984447
442946412564946
224154564973257
873063634456008
410851758107857
614789967129294
675111034901287
13699724036232
945263186003628
624771002017531
902296022215210
238107075046741
600692301056187
280307460756524
365148941014035
141202951247199
236664493815023
817854926465721
743083522234363
941962303446279
512333837597170
835212582788502
866331046458994
254915189927500
693080518528605
826390920785695
714900948324838
826001101999773
889331129354949
867917664639210
984595351561142
813063710111025
304498163936682
736010694423934
400044352610037
87398174320790
905086857053498
138878946462927
109544304797513
635272998031349
170311028652981
454486922477107
948870186585655
643727434725021
324120802719482
395660931774841
987177368963219
449627615767965
853530727481180
692913752354053
549896531074031
534005899966110
350557831144432
480708738145664
267518185144269
27959879170660
949038805903211
125170369918248
442205632347572
269426682070417
194937372402674
127308457159907
235131605874759
778959343596295
700200680938920
536529701908527
393488732146785
88567173248411
750249729302235
36331863264396
227998230281436
991033424644361
652634245591346
405087349111256
576520777193866
335292408840334
199618036787683
784913327560662
912588818955303
995702161928510
75949459538932
80890127260332
36591030800800
751097937793869
179978370491620
211553781179155
308115264862676
485058561632885
355690160014035
654507694246146
937812344948658
170587134198515
429509418274416
758848960741653
189067540062934
428622451240473
11183825963848
813708182703172
638759482144457
547277733007723
835194360823574
277815536020415
980797544420398
373520814130688
59688214868111
812702647162509
776244764150038
109913479594040
918300890451066
833799804661604
807872452933230
773450758573706
272906521647635
89495179833952
732379518253573
868284672404959
14080988942376
270111665015659
392043301557931
640259618500515
57239029629629
948297882515992
831111395731458
336862910198120
491453978937934
713329930967868
526613538610334
122880742803194
856844965070644
156829085747741
448759229527051
916416362186711
486308744721965
499819520600534
981469615091490
371046157733082
172796174032119
63732813650452
328381005950339
310065157649418
806855587490287
176201097920874
990625745958099
441097758786646
728055244767534
572147483864185
35829311044785
195959680602572
999365016304729
278770097470643
971766844329120
12784975740122
840877750647476
554960271058708
583242904447484
248057692578397
342866888593504
299399532534856
101409719970770
25274295786324
504115663970242
531770736365008
582196620318025
196143978599707
297580837243681
858254653735936
942784448403520
219947762188831
742284138024482
965262124596338
841908517930400
166331360504966
800345804369425
382021835565936
496341447373334
712646014693255
721955003867777